The convolution of the two given sequences x and h is:
y[-3] = 0.000000
y[-2] = 0.000000
y[-1] = 0.000000
y[0] = 0.361066
y[1] = 0.582191
y[2] = -3.345580
y[3] = 5.498300
y[4] = 0.805462
y[5] = -2.874046
y[6] = 4.106150
y[7] = -0.410274
y[8] = -1.445902
y[9] = -1.804175
y[10] = -4.350491
y[11] = 13.203416
y[12] = -2.715715
y[13] = 4.821051
y[14] = 10.269640
y[15] = -4.427006
y[16] = 9.755986
y[17] = 2.903170
y[18] = -0.592848
y[19] = 4.635050
y[20] = -7.384201
y[21] = 0.336801
y[22] = -9.399403
y[23] = -8.545026
y[24] = 3.613228
y[25] = -9.319175
y[26] = -3.912468
y[27] = 0.599374
y[28] = -3.378534
y[29] = -1.245523
y[30] = -3.972275
y[31] = -7.041554
y[32] = -5.295742
y[33] = -4.172662
y[34] = 0.000000
y[35] = 0.000000
y[36] = 0.000000

The correlation of the two given sequences x and y is:
Rxy[-17] = 0.000000
Rxy[-16] = 0.000000
Rxy[-15] = 0.000000
Rxy[-14] = -1.583150
Rxy[-13] = -5.834820
Rxy[-12] = 4.591295
Rxy[-11] = -3.287128
Rxy[-10] = -0.848136
Rxy[-9] = 6.467562
Rxy[-8] = -2.287081
Rxy[-7] = 3.294564
Rxy[-6] = -10.074681
Rxy[-5] = -9.504093
Rxy[-4] = -1.490325
Rxy[-3] = -14.680519
Rxy[-2] = 0.247014
Rxy[-1] = -5.437126
Rxy[0] = -12.322000
Rxy[1] = 7.005693
Rxy[2] = -4.859548
Rxy[3] = 0.220402
Rxy[4] = 0.664786
Rxy[5] = 0.141289
Rxy[6] = 5.301993
Rxy[7] = -4.103834
Rxy[8] = 2.326033
Rxy[9] = 8.033679
Rxy[10] = -5.260245
Rxy[11] = 3.125120
Rxy[12] = 2.816635
Rxy[13] = 1.961664
Rxy[14] = 5.222200
Rxy[15] = 4.070427
Rxy[16] = 1.438708
Rxy[17] = 0.315382
Rxy[18] = -0.765126
Rxy[19] = 0.951650
Rxy[20] = 0.000000
Rxy[21] = 0.000000
Rxy[22] = 0.000000

The downsampled version of the sequence x with M = 2:
y[0] = 0.325200
y[1] = 1.370300
y[2] = -0.102200
y[3] = 0.319200
y[4] = -0.864900
y[5] = -0.164900
y[6] = 1.093300
y[7] = -0.863700
y[8] = -1.214100
y[9] = -0.006800
y[10] = -0.769700
y[11] = -0.225600
y[12] = -1.089100
y[13] = 0.552500
y[14] = 1.544200
y[15] = -1.491600
y[16] = -1.061600
y[17] = -0.615600

The downsampled version of the sequence x with M = 3:
y[0] = 0.325200
y[1] = -1.711500
y[2] = 0.319200
y[3] = -0.030100
y[4] = 1.093300
y[5] = 0.077400
y[6] = -0.006800
y[7] = 0.371400
y[8] = -1.089100
y[9] = 1.100600
y[10] = -1.491600
y[11] = 2.350500

The upsampled version of the sequence x with L = 2:
y[0] = 0.325200
y[1] = 0.000000
y[2] = 1.370300
y[3] = 0.000000
y[4] = -0.102200
y[5] = 0.000000
y[6] = 0.319200
y[7] = 0.000000
y[8] = -0.864900
y[9] = 0.000000
y[10] = -0.164900
y[11] = 0.000000
y[12] = 1.093300
y[13] = 0.000000
y[14] = -0.863700
y[15] = 0.000000
y[16] = -1.214100
y[17] = 0.000000
y[18] = -0.006800
y[19] = 0.000000
y[20] = -0.769700
y[21] = 0.000000
y[22] = -0.225600
y[23] = 0.000000
y[24] = -1.089100
y[25] = 0.000000
y[26] = 0.552500
y[27] = 0.000000
y[28] = 1.544200
y[29] = 0.000000
y[30] = -1.491600
y[31] = 0.000000
y[32] = -1.061600
y[33] = 0.000000
y[34] = -0.615600
y[35] = 0.000000

The upsampled version of the sequence x with L = 3:
y[0] = 0.325200
y[1] = 0.000000
y[2] = 0.000000
y[3] = 1.370300
y[4] = 0.000000
y[5] = 0.000000
y[6] = -0.102200
y[7] = 0.000000
y[8] = 0.000000
y[9] = 0.319200
y[10] = 0.000000
y[11] = 0.000000
y[12] = -0.864900
y[13] = 0.000000
y[14] = 0.000000
y[15] = -0.164900
y[16] = 0.000000
y[17] = 0.000000
y[18] = 1.093300
y[19] = 0.000000
y[20] = 0.000000
y[21] = -0.863700
y[22] = 0.000000
y[23] = 0.000000
y[24] = -1.214100
y[25] = 0.000000
y[26] = 0.000000
y[27] = -0.006800
y[28] = 0.000000
y[29] = 0.000000
y[30] = -0.769700
y[31] = 0.000000
y[32] = 0.000000
y[33] = -0.225600
y[34] = 0.000000
y[35] = 0.000000
y[36] = -1.089100
y[37] = 0.000000
y[38] = 0.000000
y[39] = 0.552500
y[40] = 0.000000
y[41] = 0.000000
y[42] = 1.544200
y[43] = 0.000000
y[44] = 0.000000
y[45] = -1.491600
y[46] = 0.000000
y[47] = 0.000000
y[48] = -1.061600
y[49] = 0.000000
y[50] = 0.000000
y[51] = -0.615600
y[52] = 0.000000
y[53] = 0.000000
Program ended with exit code: 0