Question 1: Half Band Low Pass Filer
h[-19] = -0.001340
h[-18] = 0.000000
h[-17] = 0.001965
h[-16] = -0.000000
h[-15] = -0.003756
h[-14] = 0.000000
h[-13] = 0.007062
h[-12] = -0.000000
h[-11] = -0.012358
h[-10] = 0.000000
h[-9] = 0.020442
h[-8] = -0.000000
h[-7] = -0.032958
h[-6] = 0.000000
h[-5] = 0.054211
h[-4] = -0.000000
h[-3] = -0.100221
h[-2] = 0.000000
h[-1] = 0.316313
h[0] = 0.500000
h[1] = 0.316313
h[2] = 0.000000
h[3] = -0.100221
h[4] = -0.000000
h[5] = 0.054211
h[6] = 0.000000
h[7] = -0.032958
h[8] = -0.000000
h[9] = 0.020442
h[10] = 0.000000
h[11] = -0.012358
h[12] = -0.000000
h[13] = 0.007062
h[14] = 0.000000
h[15] = -0.003756
h[16] = -0.000000
h[17] = 0.001965
h[18] = 0.000000
h[19] = -0.001340

Question 2: Low Pass Filer
h[-19] = 0.000948
h[-18] = 0.001526
h[-17] = 0.001389
h[-16] = -0.000000
h[-15] = -0.002656
h[-14] = -0.005194
h[-13] = -0.004993
h[-12] = 0.000000
h[-11] = 0.008739
h[-10] = 0.015980
h[-9] = 0.014455
h[-8] = -0.000000
h[-7] = -0.023305
h[-6] = -0.041995
h[-5] = -0.038333
h[-4] = 0.000000
h[-3] = 0.070867
h[-2] = 0.155188
h[-1] = 0.223667
h[0] = 0.250000
h[1] = 0.223667
h[2] = 0.155188
h[3] = 0.070867
h[4] = 0.000000
h[5] = -0.038333
h[6] = -0.041995
h[7] = -0.023305
h[8] = -0.000000
h[9] = 0.014455
h[10] = 0.015980
h[11] = 0.008739
h[12] = 0.000000
h[13] = -0.004993
h[14] = -0.005194
h[15] = -0.002656
h[16] = -0.000000
h[17] = 0.001389
h[18] = 0.001526
h[19] = 0.000948

Question 3: Band Pass Filer
h[-19] = -0.000605
h[-18] = -0.000897
h[-17] = 0.000172
h[-16] = 0.000229
h[-15] = -0.003756
h[-14] = -0.009438
h[-13] = -0.007682
h[-12] = 0.005538
h[-11] = 0.017933
h[-10] = 0.013839
h[-9] = 0.001001
h[-8] = 0.007228
h[-7] = 0.035851
h[-6] = 0.039940
h[-5] = -0.027106
h[-4] = -0.130573
h[-3] = -0.159129
h[-2] = -0.043180
h[-1] = 0.142675
h[0] = 0.233333
h[1] = 0.142675
h[2] = -0.043180
h[3] = -0.159129
h[4] = -0.130573
h[5] = -0.027106
h[6] = 0.039940
h[7] = 0.035851
h[8] = 0.007228
h[9] = 0.001001
h[10] = 0.013839
h[11] = 0.017933
h[12] = 0.005538
h[13] = -0.007682
h[14] = -0.009438
h[15] = -0.003756
h[16] = 0.000229
h[17] = 0.000172
h[18] = -0.000897
h[19] = -0.000605
